"Título"
35 1981
1 1 0 0 0
"Escenario"
2 0 2 0 0 0 0 3 0 0 0 0 0 0 0 0 0
"Conducción tipo1 nº 1" 0 0 0
2 1 1 0 0
 0.000 0.000 0.000 0.000 0.000 0.000 0.000 0.000 0.000 0.000 0.000 0.000 0.01
 10000.000 10000.000 10000.000 10000.000 10000.000 10000.000 10000.000 10000.000 10000.000 10000.000 10000.000 10000.000
"Conducción tipo1 nº 2" 0 0 0
1 0 1 0 0
 0.000 0.000 0.000 0.000 0.000 0.000 0.000 0.000 0.000 0.000 0.000 0.000 0.01
 10000.000 10000.000 10000.000 10000.000 10000.000 10000.000 10000.000 10000.000 10000.000 10000.000 10000.000 10000.000
"Aportación nº 2"
2 1
"Aportación nº 3"
1 2
"Aportación nº 4"
2 3
[CodElemento]
[Embalse]

[TR1]
3	13	
[TR2]

[TR3]

[TR4]

[TR5]

[Aportacion]
6	7	10	
[Demanda]

[TomasDem]
0	
[CentralHidro]

[Recarga]

[Retorno]

[Bombeo]

[Acuifero]

[ReglaOperacion]


