 0.834500015 	 6.00239992 	 2.63720012 	 3.47199988 	 9.47399998 	
 0.876399994 	 6.31370020 	 2.42039990 	 3.29600000 	 9.60999966 	
 2.42009997 	 23.8122005 	 4.14750004 	 6.56799984 	 30.3799992 	
 2.81010008 	 28.4277992 	 8.18120003 	 10.9910002 	 39.4189987 	
 2.29550004 	 21.5245991 	 6.97660017 	 9.27299976 	 30.7980003 	
 1.89900005 	 17.7642002 	 5.92479992 	 7.82399988 	 25.5879993 	
 1.66380000 	 14.4890003 	 4.87849998 	 6.54199982 	 21.0310001 	
 1.40079999 	 11.5695000 	 3.93639994 	 5.33699989 	 16.9060001 	
 1.11290002 	 9.19229984 	 3.12759995 	 4.24100018 	 13.4329996 	
 0.884299994 	 7.30359983 	 2.48499990 	 3.36899996 	 10.6730003 	
 0.702600002 	 5.80299997 	 1.97440004 	 2.67700005 	 8.47999954 	
 0.671800017 	 4.62540007 	 1.74730003 	 2.41899991 	 7.04400015 	
 0.631799996 	 3.88369989 	 1.54480004 	 2.17700005 	 6.06099987 	
 1.60560000 	 7.81570005 	 2.58119988 	 4.18699980 	 12.0030003 	
 1.39139998 	 8.19719982 	 2.58789992 	 3.97900009 	 12.1759996 	
 1.70449996 	 16.0629005 	 3.03069997 	 4.73500013 	 20.7980003 	
 1.51300001 	 13.3855000 	 3.14369988 	 4.65700006 	 18.0419998 	
 1.23819995 	 11.5885000 	 2.70490003 	 3.94300008 	 15.5319996 	
 1.02839994 	 9.66549969 	 2.14969993 	 3.17799997 	 12.8430004 	
 0.851000011 	 7.73799992 	 1.70850003 	 2.55999994 	 10.2980003 	
 0.676100016 	 6.14809990 	 1.35739994 	 2.03299999 	 8.18099976 	
 0.537199974 	 4.88490009 	 1.07850003 	 1.61600006 	 6.50099993 	
 0.426800013 	 3.88120008 	 0.856899977 	 1.28400004 	 5.16499996 	
 0.339100003 	 3.08369994 	 0.680899978 	 1.01999998 	 4.10400009 	
 0.269400001 	 2.45009995 	 0.541000009 	 0.810000002 	 3.25999999 	
 0.220300004 	 1.94669998 	 0.429800004 	 0.649999976 	 2.59699988 	
 0.754499972 	 5.39940023 	 0.845700026 	 1.60000002 	 6.99900007 	
 2.20250010 	 18.6149998 	 7.09639978 	 9.29899979 	 27.9139996 	
 2.34310007 	 17.3715992 	 10.6338997 	 12.9770002 	 30.3490009 	
 2.11660004 	 17.4090996 	 8.77719975 	 10.8940001 	 28.3029995 	
 1.77320004 	 14.8085003 	 7.31230021 	 9.08500004 	 23.8939991 	
 1.40880001 	 11.7658997 	 5.80989981 	 7.21899986 	 18.9850006 	
 1.11940002 	 9.34840012 	 4.61609983 	 5.73500013 	 15.0830002 	
 0.889400005 	 7.42759991 	 3.66770005 	 4.55700016 	 11.9849997 	
 0.706600010 	 5.90150023 	 2.91409993 	 3.62100005 	 9.52299976 	
 0.561500013 	 4.68889999 	 2.31539989 	 2.87700009 	 7.56599998 	
 0.720000029 	 6.15579987 	 2.04629993 	 2.76600003 	 8.92199993 	
 2.88010001 	 16.5487995 	 4.46659994 	 7.34700012 	 23.8959999 	
 3.78920007 	 32.0326004 	 6.74209976 	 10.5310001 	 42.5639992 	
 3.61700010 	 30.0303001 	 9.30760002 	 12.9250002 	 42.9550018 	
 3.17140007 	 25.0643005 	 10.0805998 	 13.2519999 	 38.3160019 	
 2.71429992 	 21.8577995 	 8.80160046 	 11.5159998 	 33.3740005 	
 2.59960008 	 19.4155998 	 7.97219992 	 10.5719995 	 29.9880009 	
 2.18280005 	 16.1564999 	 6.73460007 	 8.91800022 	 25.0739994 	
 1.73430002 	 12.8368998 	 5.35090017 	 7.08500004 	 19.9220009 	
 1.37790000 	 10.1993999 	 4.25150013 	 5.63000011 	 15.8290005 	
 1.09480000 	 8.10369968 	 3.37789989 	 4.47300005 	 12.5769997 	
 0.908900023 	 6.46250010 	 2.74040008 	 3.64899993 	 10.1120005 	
 0.752399981 	 5.15570021 	 2.22539997 	 2.97700000 	 8.13300037 	
 2.40790009 	 11.0333996 	 4.77930021 	 7.18699980 	 18.2199993 	
 4.36780024 	 33.2560997 	 8.37300014 	 12.7410002 	 45.9970016 	
 3.60100007 	 32.4702988 	 9.40429974 	 13.0050001 	 45.4749985 	
 3.26600003 	 26.7206993 	 11.7630997 	 15.0290003 	 41.7500000 	
 3.01539993 	 24.1422997 	 10.6955004 	 13.7110004 	 37.8530006 	
 3.19989991 	 21.7763996 	 9.68669987 	 12.8870001 	 34.6629982 	
 2.63070011 	 18.1340008 	 8.08170033 	 10.7130003 	 28.8470001 	
 2.09019995 	 14.4080000 	 6.42119980 	 8.51099968 	 22.9190006 	
 1.66069996 	 11.4476995 	 5.10179996 	 6.76300001 	 18.2110004 	
 1.31949997 	 9.09560013 	 4.05359983 	 5.37300014 	 14.4689999 	
 1.40279996 	 7.67399979 	 3.70449996 	 5.10699987 	 12.7810001 	
 1.23119998 	 6.42969990 	 3.24550009 	 4.47700024 	 10.9069996 	
 1.11319995 	 5.37020016 	 2.71600008 	 3.82900000 	 9.19900036 	
 3.10910010 	 14.8046999 	 5.54790020 	 8.65699959 	 23.4619999 	
 2.56229997 	 17.8806992 	 7.14190006 	 9.70400047 	 27.5849991 	
 2.22079992 	 15.5051003 	 6.37849998 	 8.59899998 	 24.1040001 	
 1.81540000 	 12.7947998 	 5.23019981 	 7.04500008 	 19.8400002 	
 1.45739996 	 10.1913996 	 4.15560007 	 5.61299992 	 15.8039999 	
 1.17060006 	 8.09739971 	 3.30170012 	 4.47300005 	 12.5699997 	
 0.930100024 	 6.43370008 	 2.62330008 	 3.55299997 	 9.98700047 	
 0.739000022 	 5.11180019 	 2.08430004 	 2.82299995 	 7.93499994 	
 0.587100029 	 4.06150007 	 1.65610003 	 2.24300003 	 6.30499983 	
 0.466500014 	 3.22700000 	 1.31579995 	 1.78299999 	 5.01000023 	
 0.375999987 	 2.56389999 	 1.04690003 	 1.42299998 	 3.98699999 	
 1.09850001 	 6.95510006 	 1.94079995 	 3.03999996 	 9.99499989 	
 1.63349998 	 15.3217001 	 2.44280005 	 4.07600021 	 19.3980007 	
 1.75989997 	 17.2369003 	 3.85560012 	 5.61600018 	 22.8530006 	
 1.60430002 	 15.4687004 	 4.19530010 	 5.79899979 	 21.2679996 	
 1.78320003 	 19.2140007 	 6.05380011 	 7.83699989 	 27.0510006 	
 1.96229994 	 16.9689999 	 5.91919994 	 7.88100004 	 24.8500004 	
 1.67600000 	 14.2708998 	 5.05779982 	 6.73400021 	 21.0049992 	
 1.33159995 	 11.4778004 	 4.01859999 	 5.35099983 	 16.8290005 	
 1.05799997 	 9.11950016 	 3.19289994 	 4.25099993 	 13.3710003 	
 0.840600014 	 7.24580002 	 2.53690004 	 3.37800002 	 10.6239996 	
 0.667900026 	 5.75699997 	 2.01559997 	 2.68400002 	 8.44099998 	
 0.534200013 	 4.57410002 	 1.60150003 	 2.13599992 	 6.71000004 	
 0.427500010 	 3.63429999 	 1.27240002 	 1.70000005 	 5.33400011 	
 1.84809995 	 12.9436998 	 2.68530011 	 4.53299999 	 17.4769993 	
 2.14879990 	 19.3815002 	 5.37799978 	 7.52699995 	 26.9090004 	
 2.00769997 	 18.1697998 	 5.65049982 	 7.65799999 	 25.8279991 	
 1.76349998 	 16.1460991 	 5.09100008 	 6.85400009 	 23.0000000 	
 1.51269996 	 13.5129995 	 4.20319986 	 5.71600008 	 19.2290001 	
 1.24909997 	 10.9020004 	 3.36809993 	 4.61700010 	 15.5190001 	
 0.992500007 	 8.66199970 	 2.67600012 	 3.66899991 	 12.3310003 	
 0.788600028 	 6.88229990 	 2.12619996 	 2.91499996 	 9.79699993 	
 0.626500010 	 5.46820021 	 1.68939996 	 2.31599998 	 7.78399992 	
 0.503700018 	 4.34469986 	 1.34220004 	 1.84599996 	 6.19099998 	
 0.405299991 	 3.45199990 	 1.06649995 	 1.47099996 	 4.92299986 	
 0.322800010 	 2.74270010 	 0.847299993 	 1.16999996 	 3.91300011 	
 0.558499992 	 4.84929991 	 0.846000016 	 1.40400004 	 6.25299978 	
 1.37100005 	 15.0270004 	 3.87630010 	 5.24700022 	 20.2740002 	
 1.23790002 	 13.2430000 	 3.97490001 	 5.21299982 	 18.4559994 	
 1.04059994 	 11.3533001 	 3.46860003 	 4.51000023 	 15.8629999 	
 0.833999991 	 9.03059959 	 2.75589991 	 3.58999991 	 12.6210003 	
 0.668900013 	 7.17509985 	 2.18969989 	 2.85899997 	 10.0340004 	
 0.708500028 	 8.32719994 	 1.97700000 	 2.68600011 	 11.0129995 	
 0.654500008 	 7.59350014 	 1.74629998 	 2.40100002 	 9.99499989 	
 0.519999981 	 6.03319979 	 1.38750005 	 1.90799999 	 7.94099998 	
 0.413199991 	 4.79360008 	 1.10239995 	 1.51499999 	 6.30900002 	
 0.533100009 	 5.41419983 	 1.23720002 	 1.76999998 	 7.18400002 	
 0.812099993 	 5.73890018 	 1.56050003 	 2.37299991 	 8.11200047 	
 1.26020002 	 5.99009991 	 2.63229990 	 3.89199996 	 9.88199997 	
 1.86640000 	 13.5129995 	 4.74510002 	 6.61100006 	 20.1240005 	
 1.67480004 	 11.8797998 	 5.38019991 	 7.05499983 	 18.9349995 	
 1.51909995 	 10.8065004 	 5.22069979 	 6.73999977 	 17.5470009 	
 1.29840004 	 9.11330032 	 4.44500017 	 5.74300003 	 14.8559999 	
 1.04789996 	 7.24079990 	 3.53169990 	 4.57999992 	 11.8210001 	
 0.832599998 	 5.75309992 	 2.80609989 	 3.63899994 	 9.39200020 	
 0.661499977 	 4.57100010 	 2.22950006 	 2.89100003 	 7.46199989 	
 0.525600016 	 3.63179994 	 1.77139997 	 2.29699993 	 5.92899990 	
 0.417600006 	 2.88560009 	 1.40750003 	 1.82599998 	 4.71199989 	
 0.331800014 	 2.29270005 	 1.11829996 	 1.45000005 	 3.74300003 	
 0.275400013 	 1.82159996 	 0.888499975 	 1.16299999 	 2.98499990 	
 0.714800000 	 5.50670004 	 1.43139994 	 2.14599991 	 7.65299988 	
 1.30040002 	 11.1455002 	 3.94790006 	 5.24800014 	 16.3939991 	
 1.21039999 	 10.3901997 	 4.05730009 	 5.26700020 	 15.6569996 	
 1.01470006 	 8.75489998 	 3.50489998 	 4.51999998 	 13.2749996 	
 0.806200027 	 6.95730019 	 2.78480005 	 3.59100008 	 10.5480003 	
 0.640600026 	 5.52780008 	 2.21259999 	 2.85400009 	 8.38199997 	
 0.509000003 	 4.39200020 	 1.75800002 	 2.26699996 	 6.65899992 	
 0.404399991 	 3.48959994 	 1.39680004 	 1.80100000 	 5.29099989 	
 0.406800002 	 3.49270010 	 1.41719997 	 1.82400000 	 5.31699991 	
 0.380499989 	 3.25970006 	 1.34230006 	 1.72200000 	 4.98199987 	
 0.347400010 	 2.68479991 	 1.06840003 	 1.41499996 	 4.09999990 	
 0.559300005 	 2.88759995 	 0.933600008 	 1.49300003 	 4.38100004 	
 1.49710000 	 13.5303001 	 1.97560000 	 3.47300005 	 17.0030003 	
 1.95480001 	 19.4976997 	 5.23829985 	 7.19299984 	 26.6910000 	
 1.71070004 	 16.2103996 	 4.89349985 	 6.60400009 	 22.8139992 	
 1.48409998 	 14.7398996 	 4.32070017 	 5.80499983 	 20.5450001 	
 1.66349995 	 13.5696001 	 3.75379992 	 5.41699982 	 18.9869995 	
 1.43840003 	 11.4407997 	 3.11919999 	 4.55700016 	 15.9980001 	
 1.14289999 	 9.09010029 	 2.47830009 	 3.62100005 	 12.7110004 	
 0.907999992 	 7.22240019 	 1.96910000 	 2.87700009 	 10.0990000 	
 0.721499979 	 5.73839998 	 1.56449997 	 2.28500009 	 8.02299976 	
 0.573199987 	 4.55940008 	 1.24310005 	 1.81599998 	 6.37500000 	
 0.494199991 	 4.11259985 	 1.00740004 	 1.50100005 	 5.61399984 	
 1.42980003 	 7.10470009 	 1.54709995 	 2.97700000 	 10.0819998 	
 4.07170010 	 26.5799007 	 4.70170021 	 8.77400017 	 35.3540001 	
 2.85489988 	 23.6739006 	 5.46460009 	 8.31999969 	 31.9939995 	
 2.81809998 	 21.6464996 	 7.50759983 	 10.3260002 	 31.9720001 	
 2.48119998 	 19.7012997 	 6.71140003 	 9.19200039 	 28.8929996 	
 2.27699995 	 16.8423996 	 5.67819977 	 7.95499992 	 24.7970009 	
 1.91289997 	 13.6782999 	 4.62179995 	 6.53499985 	 20.2129993 	
 1.51989996 	 10.8678999 	 3.67219996 	 5.19199991 	 16.0599995 	
 1.20760000 	 8.63490009 	 2.91770005 	 4.12599993 	 12.7609997 	
 0.959500015 	 6.86070013 	 2.31820011 	 3.27800012 	 10.1389999 	
 0.762300014 	 5.45109987 	 1.84189999 	 2.60400009 	 8.05500031 	
 0.605899990 	 4.37349987 	 1.46340001 	 2.06900001 	 6.44199991 	
 0.667400002 	 4.46890020 	 1.32930005 	 1.99600005 	 6.46500015 	
 2.07660007 	 18.4601994 	 3.06900001 	 5.14599991 	 23.6060009 	
 1.65910006 	 14.6159000 	 3.41709995 	 5.07600021 	 19.6919994 	
 1.58039999 	 13.6283998 	 4.39459991 	 5.97499990 	 19.6030006 	
 1.57860005 	 14.0288000 	 4.41830015 	 5.99700022 	 20.0259991 	
 1.35780001 	 12.1143999 	 3.78390002 	 5.14200020 	 17.2560005 	
 1.07879996 	 9.62530041 	 3.00640011 	 4.08500004 	 13.7100000 	
 0.857200027 	 7.64760017 	 2.38870001 	 3.24600005 	 10.8940001 	
 0.681100011 	 6.07630014 	 1.89789999 	 2.57900000 	 8.65499973 	
 0.541100025 	 4.82779980 	 1.50790000 	 2.04900002 	 6.87699986 	
 0.429899991 	 3.83590007 	 1.19809997 	 1.62800002 	 5.46400023 	
 0.341600001 	 3.04769993 	 0.951900005 	 1.29400003 	 4.34200001 	
 0.538999975 	 3.16759992 	 0.981000006 	 1.51999998 	 4.68800020 	
 1.97700000 	 13.6205997 	 2.79259992 	 4.76999998 	 18.3910007 	
 2.12639999 	 18.5732002 	 5.16219997 	 7.28800011 	 25.8610001 	
 1.79569995 	 15.1096001 	 4.77050018 	 6.56699991 	 21.6770000 	
 1.50880003 	 13.5110998 	 4.04629993 	 5.55499983 	 19.0660000 	
 1.24730003 	 11.4905005 	 3.30719995 	 4.55399990 	 16.0450001 	
 0.991500020 	 9.12959957 	 2.62770009 	 3.61999989 	 12.7500000 	
 0.787800014 	 7.25379992 	 2.08780003 	 2.87599993 	 10.1300001 	
 0.625899971 	 5.76340008 	 1.65880001 	 2.28500009 	 8.04800034 	
 0.497299999 	 4.57919979 	 1.31799996 	 1.81500006 	 6.39400005 	
 0.395099998 	 3.63829994 	 1.04719996 	 1.44200003 	 5.07999992 	
 0.313899994 	 2.89080000 	 0.832000017 	 1.14600003 	 4.03700018 	
 0.653699994 	 3.74950004 	 0.998399973 	 1.65199995 	 5.40199995 	
 1.45539999 	 13.8578997 	 1.89380002 	 3.34899998 	 17.2070007 	
 1.83159995 	 17.6898003 	 4.80590010 	 6.63800001 	 24.3279991 	
 1.85430002 	 17.5730991 	 5.87220001 	 7.72599983 	 25.2989998 	
 1.96410000 	 21.6399994 	 6.72650003 	 8.69099998 	 30.3309994 	
 1.77830005 	 17.8103008 	 5.91149998 	 7.68900013 	 25.4990005 	
 1.47730005 	 14.1508999 	 4.74009991 	 6.21700001 	 20.3680000 	
 1.17379999 	 11.2433004 	 3.76620007 	 4.94000006 	 16.1830006 	
 0.932600021 	 8.93319988 	 2.99230003 	 3.92499995 	 12.8579998 	
 0.740999997 	 7.09770012 	 2.37750006 	 3.11899996 	 10.2170000 	
 0.588699996 	 5.63940001 	 1.88900006 	 2.47799993 	 8.11699963 	
 0.467799991 	 4.48190022 	 1.50090003 	 1.96899998 	 6.45100021 	
 1.53299999 	 7.72170019 	 2.49280000 	 4.02600002 	 11.7480001 	
 1.97179997 	 15.4043999 	 3.20779991 	 5.17999983 	 20.5839996 	
 1.90730000 	 16.8607998 	 3.92630005 	 5.83300018 	 22.6940002 	
 1.75139999 	 16.1072998 	 4.32969999 	 6.08099985 	 22.1879997 	
 1.69819999 	 15.0162001 	 4.26989985 	 5.96799994 	 20.9839993 	
 1.45630002 	 12.6757002 	 3.67149997 	 5.12699986 	 17.8029995 	
 1.15989995 	 10.0712996 	 2.91709995 	 4.07700014 	 14.1479998 	
 0.921599984 	 8.00199986 	 2.31780005 	 3.24000001 	 11.2419996 	
 0.732200027 	 6.35780001 	 1.84150004 	 2.57399988 	 8.93200016 	
 0.581799984 	 5.05149984 	 1.46319997 	 2.04500008 	 7.09600019 	
 0.462199986 	 4.01359987 	 1.16250002 	 1.62500000 	 5.63899994 	
 0.693199992 	 6.42030001 	 1.23650002 	 1.92999995 	 8.35000038 	
 1.03750002 	 7.18949986 	 1.50890005 	 2.54699993 	 9.73600006 	
 0.941399992 	 6.35750008 	 1.41499996 	 2.35599995 	 8.71399975 	
 0.889999986 	 6.99340010 	 1.63789999 	 2.52800012 	 9.52099991 	
 0.909200013 	 8.98880005 	 2.45309997 	 3.36199999 	 12.3509998 	
 1.13390005 	 10.3282003 	 3.91840005 	 5.05200005 	 15.3800001 	
 1.18959999 	 9.45769978 	 3.72849989 	 4.91800022 	 14.3760004 	
 1.03550005 	 7.76539993 	 3.04329991 	 4.07900000 	 11.8439999 	
 0.822700024 	 6.16989994 	 2.41799998 	 3.24099994 	 9.41100025 	
 0.653699994 	 4.90220022 	 1.92120004 	 2.57500005 	 7.47700024 	
 0.519400001 	 3.89490008 	 1.52639997 	 2.04500008 	 5.94000006 	
 0.427599996 	 3.09470010 	 1.21290004 	 1.64100003 	 4.73600006 	
 0.358900011 	 2.45880008 	 0.963900030 	 1.32299995 	 3.78200006 	
 0.315899998 	 1.96910000 	 0.765799999 	 1.08200002 	 3.05100012 	
 0.514199972 	 5.19719982 	 0.678799987 	 1.19299996 	 6.38999987 	
 1.06190002 	 12.4118996 	 2.88190007 	 3.94400001 	 16.3560009 	
 1.28629994 	 12.9666996 	 4.55690002 	 5.84299994 	 18.8099995 	
 1.14269996 	 11.3752003 	 4.16340017 	 5.30600023 	 16.6809998 	
 0.912299991 	 9.11999989 	 3.32710004 	 4.23899984 	 13.3590002 	
 0.724900007 	 7.24609995 	 2.64350009 	 3.36899996 	 10.6149998 	
 0.575900018 	 5.75729990 	 2.10030007 	 2.67600012 	 8.43299961 	
 0.457599998 	 4.57439995 	 1.66880000 	 2.12700009 	 6.70100021 	
 0.363599986 	 3.63450003 	 1.32589996 	 1.69000006 	 5.32499981 	
 0.288899988 	 2.88770008 	 1.05350006 	 1.34300005 	 4.23099995 	
 0.721400023 	 5.36049986 	 1.55739999 	 2.27800012 	 7.63800001 	
 0.686900020 	 5.26280022 	 1.62500000 	 2.31200004 	 7.57499981 	
 1.78219998 	 16.1595001 	 2.73250008 	 4.51499987 	 20.6749992 	
 2.64260006 	 29.1527996 	 6.48080015 	 9.12399960 	 38.2770004 	
 2.06640005 	 21.2737999 	 5.44829988 	 7.51399994 	 28.7880001 	
 2.17319989 	 25.0468998 	 5.26929998 	 7.44199991 	 32.4889984 	
 1.87790000 	 20.3448009 	 4.61910009 	 6.49700022 	 26.8419991 	
 1.52950001 	 16.8610992 	 3.67000008 	 5.19999981 	 22.0610008 	
 1.22189999 	 13.8687000 	 2.91599989 	 4.13800001 	 18.0070000 	
 0.970799983 	 11.0191002 	 2.31680012 	 3.28800011 	 14.3070002 	
 0.771399975 	 8.75510025 	 1.84080005 	 2.61199999 	 11.3669996 	
 0.612900019 	 6.95620012 	 1.46259999 	 2.07599998 	 9.03199959 	
 0.583599985 	 6.16550016 	 1.19939995 	 1.78299999 	 7.94899988 	
 0.848999977 	 6.42199993 	 1.17219996 	 2.02099991 	 8.44299984 	
 1.25160003 	 9.02460003 	 1.39260006 	 2.64499998 	 11.6700001 	
 1.14530003 	 8.82810020 	 1.50010002 	 2.64499998 	 11.4729996 	
 1.47099996 	 12.4811001 	 4.40939999 	 5.88000011 	 18.3610001 	
 1.48269999 	 12.8424997 	 4.81619978 	 6.29899979 	 19.1410007 	
 1.35500002 	 11.3347998 	 4.26760006 	 5.62300014 	 16.9580002 	
 1.13039994 	 9.19309998 	 3.39140010 	 4.52099991 	 13.7139997 	
 0.898100019 	 7.30429983 	 2.69460011 	 3.59299994 	 10.8970003 	
 0.713599980 	 5.80350018 	 2.14089990 	 2.85500002 	 8.65900040 	
 0.566999972 	 4.61110020 	 1.70109999 	 2.26799989 	 6.87900019 	
 0.475800008 	 3.66450000 	 1.35230005 	 1.82799995 	 5.49200010 	
 0.661700010 	 4.75139999 	 1.20959997 	 1.87199998 	 6.62300014 	
 1.18970001 	 6.61280012 	 1.76240003 	 2.95199990 	 9.56499958 	
 2.20830011 	 17.7735004 	 2.58629990 	 4.79400015 	 22.5680008 	
 2.57369995 	 24.2084999 	 5.63380003 	 8.20800018 	 32.4160004 	
 2.34400010 	 20.2819004 	 6.13649988 	 8.47999954 	 28.7619991 	
 2.22670007 	 20.0900993 	 6.20100021 	 8.42800045 	 28.5179996 	
 1.94690001 	 17.0263996 	 5.34660006 	 7.29400015 	 24.3199997 	
 1.59580004 	 13.5781002 	 4.25010014 	 5.84600019 	 19.4239998 	
 1.26789999 	 10.7882004 	 3.37689996 	 4.64499998 	 15.4329996 	
 1.00740004 	 8.57159996 	 2.68300009 	 3.69000006 	 12.2620001 	
 0.800400019 	 6.81040001 	 2.13179994 	 2.93199992 	 9.74199963 	
 0.635999978 	 5.41109991 	 1.69379997 	 2.32999992 	 7.74100018 	
 0.506699979 	 4.29930019 	 1.34570003 	 1.85300004 	 6.15199995 	
 0.407499999 	 3.41599989 	 1.06920004 	 1.47599995 	 4.89200020 	
 1.33099997 	 10.3906002 	 1.77970004 	 3.11100006 	 13.5019999 	
 1.77450001 	 16.8407993 	 4.74219990 	 6.51700020 	 23.3579998 	
 1.82040000 	 15.7720003 	 6.19140005 	 8.01099968 	 23.7830009 	
 1.59109998 	 13.8732996 	 5.56230021 	 7.15299988 	 21.0259991 	
 1.30890000 	 11.3402004 	 4.52190018 	 5.83099985 	 17.1709995 	
 1.05719995 	 9.01019955 	 3.59279990 	 4.65000010 	 13.6599998 	
 0.839999974 	 7.15889978 	 2.85459995 	 3.69499993 	 10.8540001 	
 0.667400002 	 5.68800020 	 2.26810002 	 2.93499994 	 8.62300014 	
 0.530300021 	 4.51929998 	 1.80209994 	 2.33200002 	 6.85099983 	
 0.427700013 	 3.59069991 	 1.43180001 	 1.86000001 	 5.45100021 	
 0.345400006 	 2.85299993 	 1.13759995 	 1.48300004 	 4.33599997 	
 0.430799991 	 2.58060002 	 0.962000012 	 1.39300001 	 3.97399998 	
 1.14709997 	 9.40569973 	 1.37390006 	 2.52099991 	 11.9270000 	
 1.09280002 	 9.60960007 	 1.86839998 	 2.96099997 	 12.5710001 	
 1.58210003 	 13.4131002 	 6.25019979 	 7.83199978 	 21.2450008 	
 1.35319996 	 11.7016001 	 5.02680016 	 6.38000011 	 18.0820007 	
 1.07609999 	 9.41310024 	 3.99469995 	 5.07100010 	 14.4840002 	
 0.855000019 	 7.47900009 	 3.17389989 	 4.02899981 	 11.5080004 	
 0.679300010 	 5.94229984 	 2.52180004 	 3.20099998 	 9.14299965 	
 0.539799988 	 4.72139978 	 2.00370002 	 2.54399991 	 7.26499987 	
 0.428900003 	 3.75130010 	 1.59200001 	 2.02099991 	 5.77199984 	
 0.340700001 	 2.98049998 	 1.26489997 	 1.60599995 	 4.58599997 	
 0.363900006 	 3.30909991 	 1.04569995 	 1.40999997 	 4.71899986 	
 0.496199995 	 3.93560004 	 0.945900023 	 1.44200003 	 5.37799978 	
 1.93579996 	 15.2423000 	 3.50570011 	 5.44199991 	 20.6840000 	
 2.65440011 	 25.5580997 	 8.57689953 	 11.2309999 	 36.7890015 	
 2.06220007 	 18.5000000 	 6.90810013 	 8.97000027 	 27.4699993 	
 1.65190005 	 14.8428001 	 5.70020008 	 7.35200024 	 22.1949997 	
 1.47850001 	 12.0733995 	 4.62500000 	 6.10400009 	 18.1770000 	
 1.26310003 	 9.75000000 	 3.75320005 	 5.01599979 	 14.7659998 	
 1.00360000 	 7.74669981 	 2.98210001 	 3.98600006 	 11.7329998 	
 0.797399998 	 6.15500021 	 2.36940002 	 3.16599989 	 9.32100010 	
 0.633499980 	 4.89039993 	 1.88250005 	 2.51600003 	 7.40600014 	
 0.503400028 	 3.88560009 	 1.49570000 	 1.99899995 	 5.88500023 	
 0.457100004 	 3.61759996 	 1.19389999 	 1.65100002 	 5.26900005 	
 0.809199989 	 5.48250008 	 1.30369997 	 2.11299992 	 7.59600019 	
 2.14170003 	 15.4320002 	 2.66079998 	 4.80299997 	 20.2350006 	
 1.89129996 	 17.5604000 	 3.88930011 	 5.78000021 	 23.3400002 	
 1.63300002 	 14.9710999 	 3.72449994 	 5.35699987 	 20.3279991 	
 1.70879996 	 15.5094004 	 4.05119991 	 5.76000023 	 21.2689991 	
 1.61099994 	 13.5368004 	 3.67109990 	 5.28200006 	 18.8190002 	
 1.35860002 	 10.9226999 	 2.91680002 	 4.27600002 	 15.1990004 	
 1.07939994 	 8.67850018 	 2.31750011 	 3.39700007 	 12.0760002 	
 0.857599974 	 6.89529991 	 1.84130001 	 2.69899988 	 9.59399986 	
 0.681400001 	 5.47860003 	 1.46300006 	 2.14400005 	 7.62300014 	
 0.542999983 	 4.35290003 	 1.16240001 	 1.70500004 	 6.05800009 	
 0.432799995 	 3.45849991 	 0.923600018 	 1.35699999 	 4.81500006 	
 0.502200007 	 3.24289989 	 0.828899980 	 1.33099997 	 4.57399988 	
 1.10650003 	 7.27829981 	 1.41270006 	 2.51999998 	 9.79800034 	
 1.75399995 	 17.1875000 	 5.55249977 	 7.30600023 	 24.4939995 	
 1.54830003 	 13.7756996 	 4.96810007 	 6.51599979 	 20.2919998 	
 1.30439997 	 11.5931997 	 4.22410011 	 5.52799988 	 17.1210003 	
 1.05159998 	 9.41740036 	 3.37520003 	 4.42700005 	 13.8439999 	
 0.835500002 	 7.48250008 	 2.68169999 	 3.51799989 	 11.0010004 	
 0.663900018 	 5.94509983 	 2.13070011 	 2.79500008 	 8.73999977 	
 0.527499974 	 4.72349977 	 1.69289994 	 2.22000003 	 6.94299984 	
 0.419099987 	 3.75300002 	 1.34510005 	 1.76400006 	 5.51700020 	
 0.333000004 	 2.98189998 	 1.06869996 	 1.40199995 	 4.38399982 	
 0.406899989 	 3.33100009 	 0.913600028 	 1.32099998 	 4.65199995 	
 0.446999997 	 3.24239993 	 0.782000005 	 1.22899997 	 4.47100019 	
 2.51740003 	 21.9666004 	 3.61719990 	 6.13399982 	 28.1009998 	
 1.92330003 	 19.0382996 	 5.17229986 	 7.09499979 	 26.1329994 	
 1.82500005 	 18.0352001 	 5.57310009 	 7.39799976 	 25.4330006 	
 1.54560006 	 15.2421999 	 4.89239979 	 6.43800020 	 21.6800003 	
 1.23060000 	 12.1104002 	 3.90450001 	 5.13600016 	 17.2460003 	
 0.977800012 	 9.62209988 	 3.10229993 	 4.07999992 	 13.7019997 	
 0.776899993 	 7.64510012 	 2.46490002 	 3.24200010 	 10.8870001 	
 0.617299974 	 6.07429981 	 1.95840001 	 2.57500005 	 8.64900017 	
 0.490399987 	 4.82620001 	 1.55599999 	 2.04600000 	 6.87200022 	
 0.389699996 	 3.83459997 	 1.23629999 	 1.62600005 	 5.46099997 	
 0.309599996 	 3.04670000 	 0.982299984 	 1.29200006 	 4.33900023 	
 0.817099988 	 5.73000002 	 1.73539996 	 2.55200005 	 8.28199959 	
 1.51870000 	 11.4277000 	 2.70600009 	 4.22499990 	 15.6529999 	
 2.32540011 	 24.9561005 	 5.45690012 	 7.78200006 	 32.7379990 	
 2.20589995 	 22.1415005 	 6.58640003 	 8.79199982 	 30.9340000 	
 1.88010001 	 18.7173004 	 5.76090002 	 7.64099979 	 26.3579998 	
 1.50310004 	 15.0114002 	 4.58360004 	 6.08699989 	 21.0979996 	
 1.19430006 	 11.9270000 	 3.64179993 	 4.83599997 	 16.7630005 	
 0.948899984 	 9.47640038 	 2.89350009 	 3.84299994 	 13.3190002 	
 0.753899992 	 7.52930021 	 2.29900002 	 3.05299997 	 10.5819998 	
 0.598999977 	 5.98229980 	 1.82659996 	 2.42600012 	 8.40799999 	
 0.476000011 	 4.75309992 	 1.45130002 	 1.92700005 	 6.67999983 	
 0.379500002 	 3.77649999 	 1.15310001 	 1.53299999 	 5.30900002 	
 0.302700013 	 3.00060010 	 0.916199982 	 1.21899998 	 4.21999979 	
 1.46220005 	 16.0112000 	 2.08330011 	 3.54500008 	 19.5559998 	
 1.23810005 	 12.9980001 	 2.74699998 	 3.98499990 	 16.9829998 	
 1.54680002 	 15.1146002 	 4.94269991 	 6.48999977 	 21.6049995 	
 1.34889996 	 13.1032000 	 4.45779991 	 5.80700016 	 18.9099998 	
 1.08159995 	 10.4939003 	 3.58150005 	 4.66400003 	 15.1580000 	
 0.863600016 	 8.33780003 	 2.84559989 	 3.71000004 	 12.0480003 	
 0.686100006 	 6.62459993 	 2.26090002 	 2.94700003 	 9.57199955 	
 0.545099974 	 5.26350021 	 1.79639995 	 2.34100008 	 7.60500002 	
 0.433099985 	 4.18200016 	 1.42729998 	 1.86000001 	 6.04199982 	
 0.589699984 	 3.47670007 	 1.59050000 	 2.18000007 	 5.65700006 	
 0.680999994 	 3.35899997 	 1.64180005 	 2.32299995 	 5.68200016 	
 0.607999980 	 3.01410007 	 1.37740004 	 1.98500001 	 4.99900007 	
 2.33920002 	 17.8484993 	 3.18070006 	 5.51999998 	 23.3680000 	
 1.82900000 	 17.4627991 	 3.81430006 	 5.64300013 	 23.1060009 	
 1.91069996 	 18.0287991 	 5.69199991 	 7.60300016 	 25.6320000 	
 1.66120005 	 15.5717001 	 5.14820004 	 6.80900002 	 22.3810005 	
 1.58060002 	 12.7075005 	 4.62739992 	 6.20800018 	 18.9160004 	
 1.36099994 	 10.2166996 	 3.95740008 	 5.31799984 	 15.5349998 	
 1.08130002 	 8.11750031 	 3.14420009 	 4.22499990 	 12.3430004 	
 0.859200001 	 6.44960022 	 2.49819994 	 3.35700011 	 9.80700016 	
 0.682600021 	 5.12449980 	 1.98490000 	 2.66799998 	 7.79199982 	
 0.542400002 	 4.07159996 	 1.57710004 	 2.11899996 	 6.19099998 	
 0.430900007 	 3.23499990 	 1.25300002 	 1.68400002 	 4.91900015 	
 0.472000003 	 2.94880009 	 1.07550001 	 1.54799998 	 4.49700022 	
 4.18610001 	 26.3453999 	 6.40019989 	 10.5860004 	 36.9309998 	
 2.81900001 	 30.1522999 	 7.22279978 	 10.0419998 	 40.1940002 	
 2.85899997 	 25.7668991 	 9.27519989 	 12.1339998 	 37.9010010 	
 2.53629994 	 23.7388000 	 8.33909988 	 10.8750000 	 34.6139984 	
 2.12479997 	 19.8003006 	 6.96400023 	 9.08899975 	 28.8889999 	
 1.70819998 	 15.7460003 	 5.53319979 	 7.24100018 	 22.9869995 	
 1.35720003 	 12.5232000 	 4.39629984 	 5.75299978 	 18.2759991 	
 1.07830000 	 9.95009995 	 3.49300003 	 4.57100010 	 14.5209999 	
 0.856800020 	 7.90570021 	 2.77530003 	 3.63199997 	 11.5380001 	
 0.680700004 	 6.28130007 	 2.20510006 	 2.88599992 	 9.16699982 	
 0.978900015 	 8.56690025 	 2.38229990 	 3.36100006 	 11.9280005 	
 0.946900010 	 7.89690018 	 2.25130010 	 3.19799995 	 11.0950003 	
 3.58879995 	 29.8216000 	 5.54829979 	 9.13700008 	 38.9589996 	
 3.30119991 	 29.9277000 	 8.14060020 	 11.4420004 	 41.3699989 	
 2.90249991 	 25.1891003 	 8.52639961 	 11.4280005 	 36.6170006 	
 2.46210003 	 21.7334995 	 7.34789991 	 9.81000042 	 31.5429993 	
 2.01640010 	 17.7709999 	 5.88290024 	 7.89900017 	 25.6700001 	
 1.62500000 	 14.1204996 	 4.67409992 	 6.29899979 	 20.4190006 	
 1.29110003 	 11.2192001 	 3.71379995 	 5.00500011 	 16.2240009 	
 1.02590001 	 8.91409969 	 2.95070004 	 3.97700000 	 12.8909998 	
 0.815100014 	 7.08249998 	 2.34439993 	 3.15899992 	 10.2410002 	
 0.658999979 	 5.62729979 	 1.86269999 	 2.52200007 	 8.14900017 	
 0.535099983 	 4.54339981 	 1.48000002 	 2.01500010 	 6.55800009 	
 0.427899987 	 3.67240000 	 1.17589998 	 1.60399997 	 5.27600002 	
 1.36860001 	 13.3971996 	 1.93690002 	 3.30599999 	 16.7029991 	
 2.65540004 	 26.6121006 	 6.50710011 	 9.16199970 	 35.7739983 	
 2.17619991 	 20.1243000 	 6.52110004 	 8.69699955 	 28.8209991 	
 1.92260003 	 18.9251995 	 5.83160019 	 7.75500011 	 26.6800003 	
 2.05710006 	 17.8500996 	 5.16599989 	 7.22300005 	 25.0730000 	
 1.74950004 	 15.0586996 	 4.37489986 	 6.12500000 	 21.1840000 	
 1.39010000 	 11.9645996 	 3.47600007 	 4.86600018 	 16.8309994 	
 1.10440004 	 9.50629997 	 2.76180005 	 3.86599994 	 13.3719997 	
 0.877499998 	 7.55310011 	 2.19440007 	 3.07100010 	 10.6239996 	
 0.744599998 	 6.00120020 	 1.74479997 	 2.49000001 	 8.49100018 	
 0.628099978 	 4.76809978 	 1.38740003 	 2.01500010 	 6.78299999 	
 0.658900023 	 4.34980011 	 1.19649994 	 1.85500002 	 6.20499992 	
 2.13499999 	 15.6632004 	 2.55250001 	 4.68800020 	 20.3509998 	
 1.65339994 	 13.8438997 	 2.82760000 	 4.48099995 	 18.3250008 	
 2.68460011 	 20.5412998 	 8.58110046 	 11.2659998 	 31.8069992 	
 2.05450010 	 16.4598999 	 6.33960009 	 8.39500046 	 24.8549995 	
 1.74160004 	 13.3708000 	 5.07530022 	 6.81699991 	 20.1879997 	
 1.45200002 	 10.8546000 	 4.06549978 	 5.51700020 	 16.3719997 	
 1.15359998 	 8.62440014 	 3.23020005 	 4.38399982 	 13.0080004 	
 0.916599989 	 6.85239983 	 2.56649995 	 3.48300004 	 10.3350000 	
 0.728299975 	 5.44439983 	 2.03909993 	 2.76699996 	 8.21100044 	
 0.578599989 	 4.32579994 	 1.62020004 	 2.19899988 	 6.52500010 	
